c=



 -13 -84  -6 -71 -66 -19 -58 -98 -81 -16  -4 -28 -47 -21   0   0   0   0   0   0   0   0   0   0 

A=
 

  87  35  35  62  90  24  66  36  57  36  52  34  71  71  -1   0   0   0   0   0   0   0   0   0 
   9  96  23  48  68  22  24  80  90  40  18  74  47  87   0  -1   0   0   0   0   0   0   0   0
  17  81  37  42  45  15  43  37  72  18  74  32   1  62   0   0  -1   0   0   0   0   0   0   0
  81   5 100  55   3  70  51 100  82   1  81  66  32  14   0   0   0  -1   0   0   0   0   0   0
  95  74  50  78  63  99  71  32  78  68   5  85  96  30   0   0   0   0  -1   0   0   0   0   0
  53  69  24  98  38 100  92  52  84  91  71  26  34  95   0   0   0   0   0  -1   0   0   0   0
  25  31   0  84  79  12  86  98  17  99  48  45  88  31   0   0   0   0   0   0  -1   0   0   0
 100  32  83  85  12  34  73   2  99  59  61  57  79  58   0   0   0   0   0   0   0  -1   0   0
  74  14  66  22   5  26  53  48  46  98  68  31  16  62   0   0   0   0   0   0   0   0   -1   0 
  38  83  67  68  84  32  91  15  41  69  57   9  46  46   0   0   0   0   0   0   0   0   0  -1   
  
    

b=
 755 725 575 740 923 926 742 833 628 745 