c=


   35   -4    5   73   88  -21  -59   56   86  -80   -9 -100  -78   30    0    0    0    0   0    0 

A=
  -4 -56  50  41 -81   7  66  60 -53  96  99 -90  31  52   0   0   0   0   0   0 
 -97  23 -88  88  37  94 -24 -28 -54  60  -7 -23 -12  63   0   0   0   0   0   0 
  79 -27  72  67  71  59 -41 -75  57 -53 -98  -6 -58  -9   0   0   0   0   0   0 
   3 -52 -95  40  98  11  59  62  96  -4  97 -47  79 -54   0   0   0   0   0   0 
  72  64  71  92  79  86  79  74  76  95  67  93  89  75   1   0   0   0   0   0 
 -65 -93  98   7  71  84  21  46  65  73  75 -86 -71 -37   0   1   0   0   0   0 
 -31  98 -38  77 -87  20  67  34 -80 -36  92  53  63   2   0   0  -1   0   0   0 
 -79  75  11 -12  31  97 -12  60  27 -85 -74  23  31 -74   0   0   0  -1   0   0 
  32 -97 -17 -10  63 -23 -70 -73 -11  56  93  54  21  24   0   0   0   0  -1   0 
  79 -24  84 -45  57   8 -17  14 -80  -8  -3  59 -27 -29   0   0   0   0   0   1 

b=
  218   32   38  293 1113  189  233   18   41   69 
