c=
  14  -4  69  11 -87  48  92  88  45  93  49 -85 -86 -93   0   0   0   0   0   0 

A=


  -17   11  -48  -56   42   45   67  -37  -65   32   19  -62   76   76    0    0    0    0    0    0 
   43   30  -53    7    8  -60  -53   61  -31   97   42  -24  -38   81    0    0    0    0    0    0 
   90   54  -74   93  -72  -13  -22   49   -9  -10  -53    8   65  -48    0    0    0    0    0    0 
   49   94    7  -78  -57   -3  100   94  -73    7  -63   -9   10  -46    0    0    0    0    0    0 
   79   99   99   93   97   69   61   89   76   84   76   56   71   66    1    0    0    0    0    0 
   60    7  -14  -41    4   60  -77   34   91   43   89   25   71   95    0    1    0    0    0    0 
   52   72   87  -31   48   46   76  -62   13  -18  -49   68 -100   66    0    0    1    0    0    0 
  -12   75   89   99   40   83   60   48  -13   71  -34  -13   58  -71    0    0    0    1    0    0 
   80   76  -59   88   60  -65   -6   -6  -88   69   29  -40   71    6    0    0    0    0    -1    0 
   23   31   59   33   16  -65  -21   50   56  -97   15   19  -80  -28    0    0    0    0    0   -1


b=
   83  110   58   32 1116  448  269  481  214   10 