c=
 -76  18 -62 -66  26 -30   4  90  80 -60  -1   1 -17 -40   0   0   0   0   0   0 

A=

   85  -71  -23  -40   42   12  -79   37    0   -1  -35  -29   79   28    0    0    0    0   0    0 
   10   27  -20  -82   60  -90   98   87  -86  -73   30  -21   57   65    0    0    0    0  0    0 
   56  -20   79   10    5  -51   12   92  -57  -61   99  -77   35  -94    0    0    0    0   0    0 
   77   56   92   54  -61   75  -28  -40  -27   37   85 -100   27   46    0    0    0    0   0    0 
   71   67   69   82   55   89   79   59   95   80   72   77   63   92    1    0    0    0   0    0 
   40   82   73  -72   60  -64   -6   19  -23  -48   22  -40   53   46    0   -1    0    0   0    0 
   89   95   73   97  -95  -54    8  -57   35   38  -71  -68   33  -47    0    0   -1    0   0    0 
   88  -31   45  -34   92   51  -17  -13   47  -35   44  -59  -47   18    0    0    0   -1   0    0 
  -12   85   47  -75   88   61   66   41  -20   71   84   74  -73  -46    0    0    0    0   -1    0 
   17  -31   86   21  -41  -70   84  -79   66  -95   85   35  -45   43    0    0    0    0   0    1 

 

 
   
    

b=
    5   62   28  293 1051  141   75  148  390   77 

z*=
 -526.2750 

vb*=
 12 18  7 17 19  3 10  1  5 14 