c=
 -55 -62  72   9 -87 -48  77  22  56 -64  19 -38  62 100   0   0   0   0   0   0 

A=
 -88 -45 -45  43  46 -22  92  46  69 -57  30  95 -19  47   0   0   0   0   0   0 
  91 -51  97  52 -82 -57  56  26 -56  94  31  14 -94   2   0   0   0   0   0   0 
 -11  24 100 -45  40   8 -71  62  96   0  58  94  -6  82   0   0   0   0   0   0 
 -92 -18  94  17  33 -91  73  67  50 -39 -37  32  29   4   0   0   0   0   0   0 
 -99 -73  78 -30 -55  88  84  53 -53 -29  66  31   4 -62  -1   0   0   0   0   0 
  73   0  17  75  62  81  44 -81  50  -5 -92 -55  25  74   0   1   0   0   0   0 
  24   3  77 -21  65 -67  38 -97  70 -83  78 -18 -46  30   0   0   1   0   0   0 
  42  85  19  98   0  16  33  25  41  81  18  51 100   8   0   0   0   1   0   0 
   6  72  32  87  96   9  22  78   4  60   6  87   1  34   0   0   0   0   1   0 
  18   7  81  18  63  72 100  36  22   7   3  53  88  80   0   0   0   0   0   1 

b=
 192 123 431 122   2 269  54  55  82  52 
