c=
 -27 -88 -76  -6 -81  -4 -36 -57 -55 -50 -82 -70 -62 -11   0   0   0   0   0   0   0   0  0   0 

A=
 42 28 76 10 48 35 17 56 87 47 14 19  6 91 -1  0  0  0  0  0  0  0  0  0 
 75 51 27 52 31 90 77 28 83 49 87 33 95  7  0 -1  0  0  0  0  0  0  0  0 
 36 79  5  4 91 77 80  5 47 53 74 64 26 52  0  0 -1  0  0  0  0  0  0  0 
 68 65 23 36  1 97 65  2 82 20 68 12  1 39  0  0  0 -1  0  0  0  0  0  0 
  2 11 73 38 96 39 14 89  4 50 83  9 63 71  0  0  0  0 -1  0  0  0  0  0 
 13 88 82 39 30 91 97 25 75 81 27  7 94 24  0  0  0  0  0 -1  0  0  0  0 
 99 84 85 41  6 65 71 99  9 41 50 96 74 49  0  0  0  0  0  0 -1  0  0  0 
  4  3 65 27 69 25 57 72 98 22 66 63 47 91  0  0  0  0  0  0  0 -1  0  0 
 13 85 18 30 55 69 74 90 16  5  1 57 84 30  0  0  0  0  0  0  0  0 -1  0 
 65 62 87 68 21 83 73 74 37 93 19 55 16 22  0  0  0  0  0  0  0  0  0 -1 

b=
 575 784 692 578 641 772 868 708 626 774 