c=
 -76 -62 -65 -89 -25  21  27  54  51  73  77 -23  54  13   0   0   0   0   0   0 

A=


   64   10   39  -17    4   95   70  -82   99  -16   98  -13  -51   91    0    0    0    0    0    0
   92    3    4    3  -61   11   99 -100   -1   20   38  -81   68   77    0    0    0    0    0    0
  -22  -39   69   57  -57  -79  -60   64   90  -62   99  -43  -73   93    0    0    0    0    0    0
  -63   49   -7   17   37  -48   97    5   58  -19   69  -80   -7  -77    0    0    0    0    0    0
   17   20   95   83   29  -64   78  -67   54  -19  -13   54   84   68    1    0    0    0    0    0 
    3   81  -24   77   56   -3   27   69   74  -59  -61  -11   -1  -20    0   -1    0    0     0    0
   45  -52  -21  -85  -23   89   35   80   51   80   86   50  -74   80    0    0    1    0    0    0
   50   53   45    2   34   63   35   71   66   40   86   72   92   41    0    0    0    1    0    0
   79   72   37   72    3   34   28   13   74   46   28   25   80   54    0    0    0    0    1    0 
   81   95   31   81   46   53   74   84   41   24   23   78   54    4    0    0    0    0    0    1 


b=
 391 172  37  31 420 207 342  30  15  90 