c=
 -97  18   2  73  52  39 -46 -79  75 -88  21  16 -25  38   0   0   0   0   0   0 

A=

   98   63   75   57  -81  -26  -80  -31   12   63   81  -57   -2    4    0    0    0    0    0    0 
  -44   80   76   49  -96  -92   21  -81   30   84   65  -68    7   44    0    0    0    0    0    0 
   45  -65   24  -16  -53   21   -7  -32   45   61   54   74  -88  -19    0    0    0    0    0    0 
   78   -1   43  100   15  -61  -13    8  -41  -48   75   62   42  -54    0    0    0    0    0    0 
   69   51   97   83   73   81   61   74   86   69   81   91   96   83    1    0    0    0    0    0 
  -80   18   16   24   74   76  -56  -67   49   18   -8  -14   89   86    0    1    0    0    0    0 
  -97  -75   24   51  -56   81   30  -65  -99   92   51   12   70   86    0    0   -1    0    0    0 
   22  -56   19  -80  -21   93 -100  -80  -69   21   85   33  100   38    0    0    0    1    0    0
  -36  -57   -5   13  -85  -19   71   93  -68  -84   16   20   59  100    0    0    0    0    1    0
   80  -38  -57   -3   87  -13   86   58   90   10   37  -79   98   64    0    0    0    0    0    1



b=
  176   75   44  205 1096  226  104    6   19  421 

 